%YAML:1.0


fx: 1067.249617
fy: 1070.402406
cx: 967.123811
cy: 600.618148

k1: -0.156654
k2: 0.106250
p1/k3: 0.000000
p2/k4: 0.000000


euler_rad: [-6.319843,-0.022000,0.013000]
translation_vector: [0.006560,-0.169077,-0.198306]